23 737792137
62 428472726
3213 128459156
42832 802229844
30113 124464880
5546754 665560646
69934307 994723278
450341264 531296810
86 262141182
681 142534659
6690 176254484
30290 934715143
51832 793167753
9126921 19632566
94746621 472806855
748720154 783968741
55 449391224
702 942565529
9551 898437280
62908 926271920
372478 162008821
1038318 709277647
23272353 35080883
760552594 134155085
47 370677021
274 729387352
7599 148305851
451 182379511
661355 339864115
129889 686689718
15508161 293166434
8498779 106491292
16 556534531
235 327304307
6860 240305197
27818 82616074
800332 480069420
3857911 608094243
22130904 876271255
624517657 740849758
79 405986929
713 724718293
1362 798685714
30895 295730666
378534 857919469
8000856 727970835
87511163 721405431
41951922 973245905
75 467727006
557 565692363
1868 591449490
11931 760285085
926670 702834815
1655130 863891449
60874232 504022219
829428184 564075973
68 781311365
814 946621758
5865 938283730
4210 682764236
690988 110340851
6149835 992253759
77266787 582249126
833437518 111097073
77 106602247
246 529849730
3083 846835320
91251 353782467
833702 897339672
2403261 511692096
92669572 584264737
111677809 440929296
47 108706570
870 482931999
86 250108175
85367 915963766
779484 996319702
9786229 279672498
36527045 788310250
447028681 348065998
98 348660072
427 326210426
594 85786824
12138 85671396
973085 910517416
6095590 3963994
12281299 544501857
708770971 244999256
93 59902785
906 458427612
8335 447857804
91230 33965290
850549 616622085
9486768 213903113
43359065 2365960
731792 647535010
1359354 627185736
98061056 262917323
101218090 635094908
908080282 601683691